1, 2, 3, 4, 5, 6, 7, 8, 9, 10
1, 2, 3, 4, 5, 6, 7, 8, 9, 11
1, 2, 3, 4, 5, 6, 7, 8, 9, 12
1, 2, 3, 4, 5, 6, 7, 8, 9, 13
1, 2, 3, 4, 5, 6, 7, 8, 9, 14
1, 2, 3, 4, 5, 6, 7, 8, 9, 15
1, 2, 3, 4, 5, 6, 7, 8, 9, 16
1, 2, 3, 4, 5, 6, 7, 8, 9, 17
1, 2, 3, 4, 5, 6, 7, 8, 9, 18
1, 2, 3, 4, 5, 6, 7, 8, 9, 19
1, 2, 3, 4, 5, 6, 7, 8, 10, 11
1, 2, 3, 4, 5, 6, 7, 8, 10, 12
1, 2, 3, 4, 5, 6, 7, 8, 10, 13
1, 2, 3, 4, 5, 6, 7, 8, 10, 14
1, 2, 3, 4, 5, 6, 7, 8, 10, 15
1, 2, 3, 4, 5, 6, 7, 8, 10, 16
1, 2, 3, 4, 5, 6, 7, 8, 10, 17
1, 2, 3, 4, 5, 6, 7, 8, 10, 18
1, 2, 3, 4, 5, 6, 7, 8, 10, 19
1, 2, 3, 4, 5, 6, 7, 8, 11, 12
1, 2, 3, 4, 5, 6, 7, 8, 11, 13
1, 2, 3, 4, 5, 6, 7, 8, 11, 14
1, 2, 3, 4, 5, 6, 7, 8, 11, 15
1, 2, 3, 4, 5, 6, 7, 8, 11, 16
1, 2, 3, 4, 5, 6, 7, 8, 11, 17
1, 2, 3, 4, 5, 6, 7, 8, 11, 18
1, 2, 3, 4, 5, 6, 7, 8, 11, 19
1, 2, 3, 4, 5, 6, 7, 8, 11, 20
1, 2, 3, 4, 5, 6,  7, 8, 12, 13
1, 2, 3, 4, 5, 6, 7, 8, 12, 14
1, 2, 3, 4, 5, 6, 7, 8, 12, 15
1, 2, 3, 4, 5, 6, 7, 8, 12, 16
1, 2, 3, 4, 5, 6, 7, 8, 12, 17
1, 2, 3, 4, 5, 6, 7, 8, 12, 18
1, 2, 3, 4, 5, 6, 7, 8, 12, 19
1, 2, 3, 4, 5, 6, 7, 8, 12, 20
1, 2, 3, 4, 5, 6, 7, 8, 12, 21
1, 2, 3, 4, 5, 6, 7, 8, 13, 14
1, 2, 3, 4, 5, 6, 7, 8, 13, 15
1, 2, 3, 4, 5, 6, 7, 8, 13, 16
1, 2, 3, 4, 5, 6, 7, 8, 13, 17
1, 2, 3, 4, 5, 6, 7, 8, 13, 18
1, 2, 3, 4, 5, 6, 7, 8, 13, 19
1, 2, 3, 4, 5, 6, 7, 8, 13, 20
1, 2, 3, 4, 5, 6, 7, 8, 13, 21
1, 2, 3, 4, 5, 6, 7, 8, 13, 22
1, 2, 3, 4, 5, 6, 7, 8, 14, 15
1, 2, 3, 4, 5, 6, 7, 8, 14, 16
1, 2, 3, 4, 5, 6, 7, 8, 14, 17
1, 2, 3, 4, 5, 6, 7, 8, 14, 18
1, 2, 3, 4, 5, 6, 7, 8, 14, 19
1, 2, 3, 4, 5, 6, 7, 8, 14, 20
1, 2, 3, 4, 5, 6, 7, 8, 14, 21
1, 2, 3, 4, 5, 6, 7, 8, 14, 22
1, 2, 3, 4, 5, 6, 7, 8, 14, 23
1, 2, 3, 4, 5, 6, 7, 8, 15, 16
1, 2, 3, 4, 5, 6, 7, 8, 15, 17
1, 2, 3, 4, 5, 6, 7, 8, 15, 18
1, 2, 3, 4, 5, 6, 7, 8, 15, 19
1, 2, 3, 4, 5, 6, 7, 8, 15, 20
1, 2, 3, 4, 5, 6, 7, 8, 15, 21
1, 2, 3, 4, 5, 6, 7, 8, 15, 22
1, 2, 3, 4, 5, 6, 7, 8, 15, 23
1, 2, 3, 4, 5, 6, 7, 8, 15, 24
1, 2, 3, 4, 5, 6, 7, 8, 16, 17
1, 2, 3, 4, 5, 6, 7, 8, 16, 18
1, 2, 3, 4, 5, 6, 7, 8, 16, 19
1, 2, 3, 4, 5, 6, 7, 8, 16, 20
1, 2, 3, 4, 5, 6, 7, 8, 16, 21
1, 2, 3, 4, 5, 6, 7, 8, 16, 22
1, 2, 3, 4, 5, 6, 7, 8, 16, 23
1, 2, 3, 4, 5, 6, 7, 8, 16, 24
1, 2, 3, 4, 5, 6, 7, 8, 16, 25
1, 2, 3, 4, 5, 6, 7, 8, 17, 18
1, 2, 3, 4, 5, 6, 7, 8, 17, 19
1, 2, 3, 4, 5, 6, 7, 8, 17, 20
1, 2, 3, 4, 5, 6, 7, 8, 17, 21
1, 2, 3, 4, 5, 6, 7, 8, 17, 22
1, 2, 3, 4, 5, 6, 7, 8, 17, 23
1, 2, 3, 4, 5, 6, 7, 8, 17, 24
1, 2, 3, 4, 5, 6, 7, 8, 17, 25
1, 2, 3, 4, 5, 6, 7, 8, 17, 26
1, 2, 3, 4, 5, 6, 7, 9, 10, 11
1, 2, 3, 4, 5, 6, 7, 9, 10, 12
1, 2, 3, 4, 5, 6, 7, 9, 10, 13
1, 2, 3, 4, 5, 6, 7, 9, 10, 14
1, 2, 3, 4, 5, 6, 7, 9, 10, 15
1, 2, 3, 4, 5, 6, 7, 9, 10, 16
1, 2, 3, 4, 5, 6, 7, 9, 10, 17
1, 2, 3, 4, 5, 6, 7, 9, 10, 18
1, 2, 3, 4, 5, 6, 7, 9, 10, 19
1, 2, 3, 4, 5, 6, 7, 9, 10, 20
1, 2, 3, 4, 5, 6, 7, 9, 10, 21
1, 2, 3, 4, 5, 6, 7, 9, 11, 12
1, 2, 3, 4, 5, 6, 7, 9, 11, 13
1, 2, 3, 4, 5, 6, 7, 9, 11, 14
1, 2, 3, 4, 5, 6, 7, 9, 11, 15
1, 2, 3, 4, 5, 6, 7, 9, 11, 16
1, 2, 3, 4, 5, 6, 7, 9, 11, 17
1, 2, 3, 4, 5, 6, 7, 9, 11, 18
1, 2, 3, 4, 5, 6, 7, 9, 11, 19
1, 2, 3, 4, 5, 6, 7, 9, 12, 13
1, 2, 3, 4, 5, 6, 7, 9, 12, 14
1, 2, 3, 4, 5, 6, 7, 9, 12, 15
1, 2, 3, 4, 5, 6, 7, 9, 12, 16
1, 2, 3, 4, 5, 6, 7, 9, 12, 17
1, 2, 3, 4, 5, 6, 7, 9, 12, 18
1, 2, 3, 4, 5, 6, 7, 9, 12, 19
1, 2, 3, 4, 5, 6, 7, 9, 12, 20
1, 2, 3, 4, 5, 6, 7, 9, 13, 14
1, 2, 3, 4, 5, 6, 7, 9, 13, 15
1, 2, 3, 4, 5, 6, 7, 9, 13, 16
1, 2, 3, 4, 5, 6, 7, 9, 13, 17
1, 2, 3, 4, 5, 6, 7, 9, 13, 18
1, 2, 3, 4, 5, 6, 7, 9, 13, 19
1, 2, 3, 4, 5, 6, 7, 9, 13, 20
1, 2, 3, 4, 5, 6, 7, 9, 13, 21
1, 2, 3, 4, 5, 6, 7, 9, 14, 15
1, 2, 3, 4, 5, 6, 7, 9, 14, 16
1, 2, 3, 4, 5, 6, 7, 9, 14, 17
1, 2, 3, 4, 5, 6, 7, 9, 14, 18
1, 2, 3, 4, 5, 6, 7, 9, 14, 19
1, 2, 3, 4, 5, 6, 7, 9, 14, 20
1, 2, 3, 4, 5, 6, 7, 9, 14, 21
1, 2, 3, 4, 5, 6, 7, 9, 14, 22
1, 2, 3, 4, 5, 6, 7, 9, 15, 16
1, 2, 3, 4, 5, 6, 7, 9, 15, 17
1, 2, 3, 4, 5, 6, 7, 9, 15, 18
1, 2, 3, 4, 5, 6, 7, 9, 15, 19
1, 2, 3, 4, 5, 6, 7, 9, 15, 20
1, 2, 3, 4, 5, 6, 7, 9, 15, 21
1, 2, 3, 4, 5, 6, 7, 9, 15, 22
1, 2, 3, 4, 5, 6, 7, 9, 15, 23
1, 2, 3, 4, 5, 6, 7, 9, 16, 17
1, 2, 3, 4, 5, 6, 7, 9, 16, 18
1, 2, 3, 4, 5, 6, 7, 9, 16, 19
1, 2, 3, 4, 5, 6, 7, 9, 16, 20
1, 2, 3, 4, 5, 6, 7, 9, 16, 21
1, 2, 3, 4, 5, 6, 7, 9, 16, 22
1, 2, 3, 4, 5, 6, 7, 9, 16, 23
1, 2, 3, 4, 5, 6, 7, 9, 16, 24
1, 2, 3, 4, 5, 6, 7, 9, 17, 18
1, 2, 3, 4, 5, 6, 7, 9, 17, 19
1, 2, 3, 4, 5, 6, 7, 9, 17, 20
1, 2, 3, 4, 5, 6, 7, 9, 17, 21
1, 2, 3, 4, 5, 6, 7, 9, 17, 22
1, 2, 3, 4, 5, 6, 7, 9, 17, 23
1, 2, 3, 4, 5, 6, 7, 9, 17, 24
1, 2, 3, 4, 5, 6, 7, 9, 17, 25
1, 2, 3, 4, 5, 6, 7, 10, 11, 12
1, 2, 3, 4, 5, 6, 7, 10, 11, 13
1, 2, 3, 4, 5, 6, 7, 10, 11, 14
1, 2, 3, 4, 5, 6, 7, 10, 11, 15
1, 2, 3, 4, 5, 6, 7, 10, 11, 16
1, 2, 3, 4, 5, 6, 7, 10, 11, 17
1, 2, 3, 4, 5, 6, 7, 10, 11, 18
1, 2, 3, 4, 5, 6, 7, 10, 11, 19
1, 2, 3, 4, 5, 6, 7, 10, 12, 13
1, 2, 3, 4, 5, 6, 7, 10, 12, 14
1, 2, 3, 4, 5, 6, 7, 10, 12, 15
1, 2, 3, 4, 5, 6, 7, 10, 12, 16
1, 2, 3, 4, 5, 6, 7, 10, 12, 17
1, 2, 3, 4, 5, 6, 7, 10, 12, 18
1, 2, 3, 4, 5, 6, 7, 10, 12, 19
1, 2, 3, 4, 5, 6, 7, 10, 12, 20
1, 2, 3, 4, 5, 6, 7, 10, 12, 21
1, 2, 3, 4, 5, 6, 7, 10, 13, 14
1, 2, 3, 4, 5, 6, 7, 10, 13, 15
1, 2, 3, 4, 5, 6, 7, 10, 13, 16
1, 2, 3, 4, 5, 6, 7, 10, 13, 17
1, 2, 3, 4, 5, 6, 7, 10, 13, 18
1, 2, 3, 4, 5, 6, 7, 10, 13, 19
1, 2, 3, 4, 5, 6, 7, 10, 13, 20
1, 2, 3, 4, 5, 6, 7, 10, 13, 21
1, 2, 3, 4, 5, 6, 7, 10, 14, 15
1, 2, 3, 4, 5, 6, 7, 10, 14, 16
1, 2, 3, 4, 5, 6, 7, 10, 14, 17
1, 2, 3, 4, 5, 6, 7, 10, 14, 18
1, 2, 3, 4, 5, 6, 7, 10, 14, 19
1, 2, 3, 4, 5, 6, 7, 10, 14, 20
1, 2, 3, 4, 5, 6, 7, 10, 14, 21
1, 2, 3, 4, 5, 6, 7, 10, 14, 22
1, 2, 3, 4, 5, 6, 7, 10, 15, 16
1, 2, 3, 4, 5, 6, 7, 10, 15, 17
1, 2, 3, 4, 5, 6, 7, 10, 15, 18
1, 2, 3, 4, 5, 6, 7, 10, 15, 19
1, 2, 3, 4, 5, 6, 7, 10, 15, 20
1, 2, 3, 4, 5, 6, 7, 10, 15, 21
1, 2, 3, 4, 5, 6, 7, 10, 15, 22
1, 2, 3, 4, 5, 6, 7, 10, 15, 23
1, 2, 3, 4, 5, 6, 7, 10, 16, 17
1, 2, 3, 4, 5, 6, 7, 10, 16, 18
1, 2, 3, 4, 5, 6, 7, 10, 16, 19
1, 2, 3, 4, 5, 6, 7, 10, 16, 20
1, 2, 3, 4, 5, 6, 7, 10, 16, 21
1, 2, 3, 4, 5, 6, 7, 10, 16, 22
1, 2, 3, 4, 5, 6, 7, 10, 16, 23
1, 2, 3, 4, 5, 6, 7, 10, 16, 24
1, 2, 3, 4, 5, 6, 7, 10, 17, 18
1, 2, 3, 4, 5, 6, 7, 10, 17, 19
1, 2, 3, 4, 5, 6, 7, 10, 17, 20
1, 2, 3, 4, 5, 6, 7, 10, 17, 21
1, 2, 3, 4, 5, 6, 7, 10, 17, 22
1, 2, 3, 4, 5, 6, 7, 10, 17, 23
1, 2, 3, 4, 5, 6, 7, 10, 17, 24
1, 2, 3, 4, 5, 6, 7, 10, 17, 25
1, 2, 3, 4, 5, 6, 7, 10, 18, 19
1, 2, 3, 4, 5, 6, 7, 10, 18, 20
1, 2, 3, 4, 5, 6, 7, 10, 18, 21
1, 2, 3, 4, 5, 6, 7, 10, 18, 22
1, 2, 3, 4, 5, 6, 7, 10, 18, 23
1, 2, 3, 4, 5, 6, 7, 10, 18, 24
1, 2, 3, 4, 5, 6, 7, 10, 18, 25
1, 2, 3, 4, 5, 6, 7, 10, 18, 26
1, 2, 3, 4, 5, 6, 7, 11, 12, 13
1, 2, 3, 4, 5, 6, 7, 11, 12, 14
1, 2, 3, 4, 5, 6, 7, 11, 12, 15
1, 2, 3, 4, 5, 6, 7, 11, 12, 16
1, 2, 3, 4, 5, 6, 7, 11, 12, 17
1, 2, 3, 4, 5, 6, 7, 11, 12, 18
1, 2, 3, 4, 5, 6, 7, 11, 12, 19
1, 2, 3, 4, 5, 6, 7, 11, 12, 20
1, 2, 3, 4, 5, 6, 7, 11, 13, 14
1, 2, 3, 4, 5, 6, 7, 11, 13, 15
1, 2, 3, 4, 5, 6, 7, 11, 13, 16
1, 2, 3, 4, 5, 6, 7, 11, 13, 17
1, 2, 3, 4, 5, 6, 7, 11, 13, 18
1, 2, 3, 4, 5, 6, 7, 11, 13, 19
1, 2, 3, 4, 5, 6, 7, 11, 13, 20
1, 2, 3, 4, 5, 6, 7, 11, 13, 21
1, 2, 3, 4, 5, 6, 7, 11, 14, 15
1, 2, 3, 4, 5, 6, 7, 11, 14, 16
1, 2, 3, 4, 5, 6, 7, 11, 14, 17
1, 2, 3, 4, 5, 6, 7, 11, 14, 18
1, 2, 3, 4, 5, 6, 7, 11, 14, 19
1, 2, 3, 4, 5, 6, 7, 11, 14, 20
1, 2, 3, 4, 5, 6, 7, 11, 14, 21
1, 2, 3, 4, 5, 6, 7, 11, 14, 22
1, 2, 3, 4, 5, 6, 7, 11, 14, 23
1, 2, 3, 4, 5, 6, 7, 11, 15, 16
1, 2, 3, 4, 5, 6, 7, 11, 15, 17
1, 2, 3, 4, 5, 6, 7, 11, 15, 18
1, 2, 3, 4, 5, 6, 7, 11, 15, 19
1, 2, 3, 4, 5, 6, 7, 11, 15, 20
1, 2, 3, 4, 5, 6, 7, 11, 15, 21
1, 2, 3, 4, 5, 6, 7, 11, 15, 22
1, 2, 3, 4, 5, 6, 7, 11, 15, 23
1, 2, 3, 4, 5, 6, 7, 11, 16, 17
1, 2, 3, 4, 5, 6, 7, 11, 16, 18
1, 2, 3, 4, 5, 6, 7, 11, 16, 19
1, 2, 3, 4, 5, 6, 7, 11, 16, 20
1, 2, 3, 4, 5, 6, 7, 11, 16, 21
1, 2, 3, 4, 5, 6, 7, 11, 16, 22
1, 2, 3, 4, 5, 6, 7, 11, 16, 23
1, 2, 3, 4, 5, 6, 7, 11, 16, 24
1, 2, 3, 4, 5, 6, 7, 11, 17, 18
1, 2, 3, 4, 5, 6, 7, 11, 17, 19
1, 2, 3, 4, 5, 6, 7, 11, 17, 20
1, 2, 3, 4, 5, 6, 7, 11, 17, 21
1, 2, 3, 4, 5, 6, 7, 11, 17, 22
1, 2, 3, 4, 5, 6, 7, 11, 17, 23
1, 2, 3, 4, 5, 6, 7, 11, 17, 24
1, 2, 3, 4, 5, 6, 7, 11, 17, 25
1, 2, 3, 4, 5, 6, 7, 11, 18, 19
1, 2, 3, 4, 5, 6, 7, 11, 18, 20
1, 2, 3, 4, 5, 6, 7, 11, 18, 21
1, 2, 3, 4, 5, 6, 7, 11, 18, 22
1, 2, 3, 4, 5, 6, 7, 11, 18, 23
1, 2, 3, 4, 5, 6, 7, 11, 18, 24
1, 2, 3, 4, 5, 6, 7, 11, 18, 25
1, 2, 3, 4, 5, 6, 7, 11, 18, 26
1, 2, 3, 4, 5, 6, 7, 11, 19, 20
1, 2, 3, 4, 5, 6, 7, 11, 19, 21
1, 2, 3, 4, 5, 6, 7, 11, 19, 22
1, 2, 3, 4, 5, 6, 7, 11, 19, 23
1, 2, 3, 4, 5, 6, 7, 11, 19, 24
1, 2, 3, 4, 5, 6, 7, 11, 19, 25
1, 2, 3, 4, 5, 6, 7, 11, 19, 26
1, 2, 3, 4, 5, 6, 7, 11, 19, 27
1, 2, 3, 4, 5, 6, 7, 12, 13, 14
1, 2, 3, 4, 5, 6, 7, 12, 13, 15
1, 2, 3, 4, 5, 6, 7, 12, 13, 16
1, 2, 3, 4, 5, 6, 7, 12, 13, 17
1, 2, 3, 4, 5, 6, 7, 12, 13, 18
1, 2, 3, 4, 5, 6, 7, 12, 13, 19
1, 2, 3, 4, 5, 6, 7, 12, 13, 20
1, 2, 3, 4, 5, 6, 7, 12, 13, 21
1, 2, 3, 4, 5, 6, 7, 12, 14, 15
1, 2, 3, 4, 5, 6, 7, 12, 14, 16
1, 2, 3, 4, 5, 6, 7, 12, 14, 17
1, 2, 3, 4, 5, 6, 7, 12, 14, 18
1, 2, 3, 4, 5, 6, 7, 12, 14, 19
1, 2, 3, 4, 5, 6, 7, 12, 14, 20
1, 2, 3, 4, 5, 6, 7, 12, 14, 21
1, 2, 3, 4, 5, 6, 7, 12, 14, 22
1, 2, 3, 4, 5, 6, 7, 12, 15, 16
1, 2, 3, 4, 5, 6, 7, 12, 15, 17
1, 2, 3, 4, 5, 6, 7, 12, 15, 18
1, 2, 3, 4, 5, 6, 7, 12, 15, 19
1, 2, 3, 4, 5, 6, 7, 12, 15, 20
1, 2, 3, 4, 5, 6, 7, 12, 15, 21
1, 2, 3, 4, 5, 6, 7, 12, 15, 22
1, 2, 3, 4, 5, 6, 7, 12, 15, 23
1, 2, 3, 4, 5, 6, 7, 12, 16, 17
1, 2, 3, 4, 5, 6, 7, 12, 16, 18
1, 2, 3, 4, 5, 6, 7, 12, 16, 19
1, 2, 3, 4, 5, 6, 7, 12, 16, 20
1, 2, 3, 4, 5, 6, 7, 12, 16, 21
1, 2, 3, 4, 5, 6, 7, 12, 16, 22
1, 2, 3, 4, 5, 6, 7, 12, 16, 23
1, 2, 3, 4, 5, 6, 7, 12, 16, 24
1, 2, 3, 4, 5, 6, 7, 12, 16, 25
1, 2, 3, 4, 5, 6, 7, 12, 17, 18
1, 2, 3, 4, 5, 6, 7, 12, 17, 19
1, 2, 3, 4, 5, 6, 7, 12, 17, 20
1, 2, 3, 4, 5, 6, 7, 12, 17, 21
1, 2, 3, 4, 5, 6, 7, 12, 17, 22
1, 2, 3, 4, 5, 6, 7, 12, 17, 23
1, 2, 3, 4, 5, 6, 7, 12, 17, 24
1, 2, 3, 4, 5, 6, 7, 12, 17, 25
1, 2, 3, 4, 5, 6, 7, 12, 18, 19
1, 2, 3, 4, 5, 6, 7, 12, 18, 20
1, 2, 3, 4, 5, 6, 7, 12, 18, 21
1, 2, 3, 4, 5, 6, 7, 12, 18, 22
1, 2, 3, 4, 5, 6, 7, 12, 18, 23
1, 2, 3, 4, 5, 6, 7, 12, 18, 24
1, 2, 3, 4, 5, 6, 7, 12, 18, 25
1, 2, 3, 4, 5, 6, 7, 12, 18, 26
1, 2, 3, 4, 5, 6, 7, 12, 19, 20
1, 2, 3, 4, 5, 6, 7, 12, 19, 21
1, 2, 3, 4, 5, 6, 7, 12, 19, 22
1, 2, 3, 4, 5, 6, 7, 12, 19, 23
1, 2, 3, 4, 5, 6, 7, 12, 19, 24
1, 2, 3, 4, 5, 6, 7, 12, 19, 25
1, 2, 3, 4, 5, 6, 7, 12, 19, 26
1, 2, 3, 4, 5, 6, 7, 12, 19, 27
1, 2, 3, 4, 5, 6, 7, 12, 20, 21
1, 2, 3, 4, 5, 6, 7, 12, 20, 22
1, 2, 3, 4, 5, 6, 7, 12, 20, 23
1, 2, 3, 4, 5, 6, 7, 12, 20, 24
1, 2, 3, 4, 5, 6, 7, 12, 20, 25
1, 2, 3, 4, 5, 6, 7, 12, 20, 26
1, 2, 3, 4, 5, 6, 7, 12, 20, 27
1, 2, 3, 4, 5, 6, 7, 12, 20, 28
1, 2, 3, 4, 5, 6, 7, 13, 14, 15
1, 2, 3, 4, 5, 6, 7, 13, 14, 16
1, 2, 3, 4, 5, 6, 7, 13, 14, 17
1, 2, 3, 4, 5, 6, 7, 13, 14, 18
1, 2, 3, 4, 5, 6, 7, 13, 14, 19
1, 2, 3, 4, 5, 6, 7, 13, 14, 20
1, 2, 3, 4, 5, 6, 7, 13, 14, 21
1, 2, 3, 4, 5, 6, 7, 13, 14, 22
1, 2, 3, 4, 5, 6, 7, 13, 15, 16
1, 2, 3, 4, 5, 6, 7, 13, 15, 17
1, 2, 3, 4, 5, 6, 7, 13, 15, 18
1, 2, 3, 4, 5, 6, 7, 13, 15, 19
1, 2, 3, 4, 5, 6, 7, 13, 15, 20
1, 2, 3, 4, 5, 6, 7, 13, 15, 21
1, 2, 3, 4, 5, 6, 7, 13, 15, 22
1, 2, 3, 4, 5, 6, 7, 13, 15, 23
1, 2, 3, 4, 5, 6, 7, 13, 16, 17
1, 2, 3, 4, 5, 6, 7, 13, 16, 18
1, 2, 3, 4, 5, 6, 7, 13, 16, 19
1, 2, 3, 4, 5, 6, 7, 13, 16, 20
1, 2, 3, 4, 5, 6, 7, 13, 16, 21
1, 2, 3, 4, 5, 6, 7, 13, 16, 22
1, 2, 3, 4, 5, 6, 7, 13, 16, 23
1, 2, 3, 4, 5, 6, 7, 13, 16, 24
1, 2, 3, 4, 5, 6, 7, 13, 17, 18
1, 2, 3, 4, 5, 6, 7, 13, 17, 19
1, 2, 3, 4, 5, 6, 7, 13, 17, 20
1, 2, 3, 4, 5, 6, 7, 13, 17, 21
1, 2, 3, 4, 5, 6, 7, 13, 17, 22
1, 2, 3, 4, 5, 6, 7, 13, 17, 23
1, 2, 3, 4, 5, 6, 7, 13, 17, 24
1, 2, 3, 4, 5, 6, 7, 13, 17, 25
1, 2, 3, 4, 5, 6, 7, 13, 18, 19
1, 2, 3, 4, 5, 6, 7, 13, 18, 20
1, 2, 3, 4, 5, 6, 7, 13, 18, 21
1, 2, 3, 4, 5, 6, 7, 13, 18, 22
1, 2, 3, 4, 5, 6, 7, 13, 18, 23
1, 2, 3, 4, 5, 6, 7, 13, 18, 24
1, 2, 3, 4, 5, 6, 7, 13, 18, 25
1, 2, 3, 4, 5, 6, 7, 13, 18, 26
1, 2, 3, 4, 5, 6, 7, 13, 18, 27
1, 2, 3, 4, 5, 6, 7, 13, 19, 20
1, 2, 3, 4, 5, 6, 7, 13, 19, 21
1, 2, 3, 4, 5, 6, 7, 13, 19, 22
1, 2, 3, 4, 5, 6, 7, 13, 19, 23
1, 2, 3, 4, 5, 6, 7, 13, 19, 24
1, 2, 3, 4, 5, 6, 7, 13, 19, 25
1, 2, 3, 4, 5, 6, 7, 13, 19, 26
1, 2, 3, 4, 5, 6, 7, 13, 19, 27
1, 2, 3, 4, 5, 6, 7, 13, 20, 21
1, 2, 3, 4, 5, 6, 7, 13, 20, 22
1, 2, 3, 4, 5, 6, 7, 13, 20, 23
1, 2, 3, 4, 5, 6, 7, 13, 20, 24
1, 2, 3, 4, 5, 6, 7, 13, 20, 25
1, 2, 3, 4, 5, 6, 7, 13, 20, 26
1, 2, 3, 4, 5, 6, 7, 13, 20, 27
1, 2, 3, 4, 5, 6, 7, 13, 20, 28
1, 2, 3, 4, 5, 6, 7, 13, 21, 22
1, 2, 3, 4, 5, 6, 7, 13, 21, 23
1, 2, 3, 4, 5, 6, 7, 13, 21, 24
1, 2, 3, 4, 5, 6, 7, 13, 21, 25
1, 2, 3, 4, 5, 6, 7, 13, 21, 26
1, 2, 3, 4, 5, 6, 7, 13, 21, 27
1, 2, 3, 4, 5, 6, 7, 13, 21, 28
1, 2, 3, 4, 5, 6, 7, 13, 21, 29
1, 2, 3, 4, 5, 6, 7, 14, 15, 16
1, 2, 3, 4, 5, 6, 7, 14, 15, 17
1, 2, 3, 4, 5, 6, 7, 14, 15, 18
1, 2, 3, 4, 5, 6, 7, 14, 15, 19
1, 2, 3, 4, 5, 6, 7, 14, 15, 20
1, 2, 3, 4, 5, 6, 7, 14, 15, 21
1, 2, 3, 4, 5, 6, 7, 14, 15, 22
1, 2, 3, 4, 5, 6, 7, 14, 15, 23
1, 2, 3, 4, 5, 6, 7, 14, 16, 17
1, 2, 3, 4, 5, 6, 7, 14, 16, 18
1, 2, 3, 4, 5, 6, 7, 14, 16, 19
1, 2, 3, 4, 5, 6, 7, 14, 16, 20
1, 2, 3, 4, 5, 6, 7, 14, 16, 21
1, 2, 3, 4, 5, 6, 7, 14, 16, 22
1, 2, 3, 4, 5, 6, 7, 14, 16, 23
1, 2, 3, 4, 5, 6, 7, 14, 16, 24
1, 2, 3, 4, 5, 6, 7, 14, 17, 18
1, 2, 3, 4, 5, 6, 7, 14, 17, 19
1, 2, 3, 4, 5, 6, 7, 14, 17, 20
1, 2, 3, 4, 5, 6, 7, 14, 17, 21
1, 2, 3, 4, 5, 6, 7, 14, 17, 22
1, 2, 3, 4, 5, 6, 7, 14, 17, 23
1, 2, 3, 4, 5, 6, 7, 14, 17, 24
1, 2, 3, 4, 5, 6, 7, 14, 17, 25
1, 2, 3, 4, 5, 6, 7, 14, 18, 19
1, 2, 3, 4, 5, 6, 7, 14, 18, 20
1, 2, 3, 4, 5, 6, 7, 14, 18, 21
1, 2, 3, 4, 5, 6, 7, 14, 18, 22
1, 2, 3, 4, 5, 6, 7, 14, 18, 23
1, 2, 3, 4, 5, 6, 7, 14, 18, 24
1, 2, 3, 4, 5, 6, 7, 14, 18, 25
1, 2, 3, 4, 5, 6, 7, 14, 18, 26
1, 2, 3, 4, 5, 6, 7, 14, 19, 20
1, 2, 3, 4, 5, 6, 7, 14, 19, 21
1, 2, 3, 4, 5, 6, 7, 14, 19, 22
1, 2, 3, 4, 5, 6, 7, 14, 19, 23
1, 2, 3, 4, 5, 6, 7, 14, 19, 24
1, 2, 3, 4, 5, 6, 7, 14, 19, 25
1, 2, 3, 4, 5, 6, 7, 14, 19, 26
1, 2, 3, 4, 5, 6, 7, 14, 19, 27
1, 2, 3, 4, 5, 6, 7, 14, 20, 21
1, 2, 3, 4, 5, 6, 7, 14, 20, 22
1, 2, 3, 4, 5, 6, 7, 14, 20, 23
1, 2, 3, 4, 5, 6, 7, 14, 20, 24
1, 2, 3, 4, 5, 6, 7, 14, 20, 25
1, 2, 3, 4, 5, 6, 7, 14, 20, 26
1, 2, 3, 4, 5, 6, 7, 14, 20, 27
1, 2, 3, 4, 5, 6, 7, 14, 20, 28
1, 2, 3, 4, 5, 6, 7, 14, 20, 29
1, 2, 3, 4, 5, 6, 7, 14, 21, 22
1, 2, 3, 4, 5, 6, 7, 14, 21, 23
1, 2, 3, 4, 5, 6, 7, 14, 21, 24
1, 2, 3, 4, 5, 6, 7, 14, 21, 25
1, 2, 3, 4, 5, 6, 7, 14, 21, 26
1, 2, 3, 4, 5, 6, 7, 14, 21, 27
1, 2, 3, 4, 5, 6, 7, 14, 21, 28
1, 2, 3, 4, 5, 6, 7, 14, 21, 29
1, 2, 3, 4, 5, 6, 7, 14, 22, 23
1, 2, 3, 4, 5, 6, 7, 14, 22, 24
1, 2, 3, 4, 5, 6, 7, 14, 22, 25
1, 2, 3, 4, 5, 6, 7, 14, 22, 26
1, 2, 3, 4, 5, 6, 7, 14, 22, 27
1, 2, 3, 4, 5, 6, 7, 14, 22, 28
1, 2, 3, 4, 5, 6, 7, 14, 22, 29
1, 2, 3, 4, 5, 6, 7, 14, 22, 30
1, 2, 3, 4, 5, 6, 7, 15, 16, 17
1, 2, 3, 4, 5, 6, 7, 15, 16, 18
1, 2, 3, 4, 5, 6, 7, 15, 16, 19
1, 2, 3, 4, 5, 6, 7, 15, 16, 20
1, 2, 3, 4, 5, 6, 7, 15, 16, 21
1, 2, 3, 4, 5, 6, 7, 15, 16, 22
1, 2, 3, 4, 5, 6, 7, 15, 16, 23
1, 2, 3, 4, 5, 6, 7, 15, 16, 24
1, 2, 3, 4, 5, 6, 7, 15, 17, 18
1, 2, 3, 4, 5, 6, 7, 15, 17, 19
1, 2, 3, 4, 5, 6, 7, 15, 17, 20
1, 2, 3, 4, 5, 6, 7, 15, 17, 21
1, 2, 3, 4, 5, 6, 7, 15, 17, 22
1, 2, 3, 4, 5, 6, 7, 15, 17, 23
1, 2, 3, 4, 5, 6, 7, 15, 17, 24
1, 2, 3, 4, 5, 6, 7, 15, 17, 25
1, 2, 3, 4, 5, 6, 7, 15, 18, 19
1, 2, 3, 4, 5, 6, 7, 15, 18, 20
1, 2, 3, 4, 5, 6, 7, 15, 18, 21
1, 2, 3, 4, 5, 6, 7, 15, 18, 22
1, 2, 3, 4, 5, 6, 7, 15, 18, 23
1, 2, 3, 4, 5, 6, 7, 15, 18, 24
1, 2, 3, 4, 5, 6, 7, 15, 18, 25
1, 2, 3, 4, 5, 6, 7, 15, 18, 26
1, 2, 3, 4, 5, 6, 7, 15, 19, 20
1, 2, 3, 4, 5, 6, 7, 15, 19, 21
1, 2, 3, 4, 5, 6, 7, 15, 19, 22
1, 2, 3, 4, 5, 6, 7, 15, 19, 23
1, 2, 3, 4, 5, 6, 7, 15, 19, 24
1, 2, 3, 4, 5, 6, 7, 15, 19, 25
1, 2, 3, 4, 5, 6, 7, 15, 19, 26
1, 2, 3, 4, 5, 6, 7, 15, 19, 27
1, 2, 3, 4, 5, 6, 7, 15, 20, 21
1, 2, 3, 4, 5, 6, 7, 15, 20, 22
1, 2, 3, 4, 5, 6, 7, 15, 20, 23
1, 2, 3, 4, 5, 6, 7, 15, 20, 24
1, 2, 3, 4, 5, 6, 7, 15, 20, 25
1, 2, 3, 4, 5, 6, 7, 15, 20, 26
1, 2, 3, 4, 5, 6, 7, 15, 20, 27
1, 2, 3, 4, 5, 6, 7, 15, 20, 28
1, 2, 3, 4, 5, 6, 7, 15, 21, 22
1, 2, 3, 4, 5, 6, 7, 15, 21, 23
1, 2, 3, 4, 5, 6, 7, 15, 21, 24
1, 2, 3, 4, 5, 6, 7, 15, 21, 25
1, 2, 3, 4, 5, 6, 7, 15, 21, 26
1, 2, 3, 4, 5, 6, 7, 15, 21, 27
1, 2, 3, 4, 5, 6, 7, 15, 21, 28
1, 2, 3, 4, 5, 6, 7, 15, 21, 29
1, 2, 3, 4, 5, 6, 7, 15, 22, 23
1, 2, 3, 4, 5, 6, 7, 15, 22, 24
1, 2, 3, 4, 5, 6, 7, 15, 22, 25
1, 2, 3, 4, 5, 6, 7, 15, 22, 26
1, 2, 3, 4, 5, 6, 7, 15, 22, 27
1, 2, 3, 4, 5, 6, 7, 15, 22, 28
1, 2, 3, 4, 5, 6, 7, 15, 22, 29
1, 2, 3, 4, 5, 6, 7, 15, 22, 30
1, 2, 3, 4, 5, 6, 7, 15, 22, 31
1, 2, 3, 4, 5, 6, 7, 15, 23, 24
1, 2, 3, 4, 5, 6, 7, 15, 23, 25
1, 2, 3, 4, 5, 6, 7, 15, 23, 26
1, 2, 3, 4, 5, 6, 7, 15, 23, 27
1, 2, 3, 4, 5, 6, 7, 15, 23, 28
1, 2, 3, 4, 5, 6, 7, 15, 23, 29
1, 2, 3, 4, 5, 6, 7, 15, 23, 30
1, 2, 3, 4, 5, 6, 7, 15, 23, 31
1, 2, 3, 4, 5, 6, 8, 9, 10, 11
1, 2, 3, 4, 5, 6, 8, 9, 10, 12
1, 2, 3, 4, 5, 6, 8, 9, 10, 13
1, 2, 3, 4, 5, 6, 8, 9, 10, 14
1, 2, 3, 4, 5, 6, 8, 9, 10, 15
1, 2, 3, 4, 5, 6, 8, 9, 10, 16
1, 2, 3, 4, 5, 6, 8, 9, 10, 17
1, 2, 3, 4, 5, 6, 8, 9, 10, 18
1, 2, 3, 4, 5, 6, 8, 9, 10, 19
1, 2, 3, 4, 5, 6, 8, 9, 10, 20
1, 2, 3, 4, 5, 6, 8, 9, 10, 21
1, 2, 3, 4, 5, 6, 8, 9, 11, 12
1, 2, 3, 4, 5, 6, 8, 9, 11, 13
1, 2, 3, 4, 5, 6, 8, 9, 11, 14
1, 2, 3, 4, 5, 6, 8, 9, 11, 15
1, 2, 3, 4, 5, 6, 8, 9, 11, 16
1, 2, 3, 4, 5, 6, 8, 9, 11, 17
1, 2, 3, 4, 5, 6, 8, 9, 11, 18
1, 2, 3, 4, 5, 6, 8, 9, 11, 19
1, 2, 3, 4, 5, 6, 8, 9, 11, 20
1, 2, 3, 4, 5, 6, 8, 9, 11, 21
1, 2, 3, 4, 5, 6, 8, 9, 12, 13
1, 2, 3, 4, 5, 6, 8, 9, 12, 14
1, 2, 3, 4, 5, 6, 8, 9, 12, 15
1, 2, 3, 4, 5, 6, 8, 9, 12, 16
1, 2, 3, 4, 5, 6, 8, 9, 12, 17
1, 2, 3, 4, 5, 6, 8, 9, 12, 18
1, 2, 3, 4, 5, 6, 8, 9, 12, 19
1, 2, 3, 4, 5, 6, 8, 9, 13, 14
1, 2, 3, 4, 5, 6, 8, 9, 13, 15
1, 2, 3, 4, 5, 6, 8, 9, 13, 16
1, 2, 3, 4, 5, 6, 8, 9, 13, 17
1, 2, 3, 4, 5, 6, 8, 9, 13, 18
1, 2, 3, 4, 5, 6, 8, 9, 13, 19
1, 2, 3, 4, 5, 6, 8, 9, 13, 20
1, 2, 3, 4, 5, 6, 8, 9, 14, 15
1, 2, 3, 4, 5, 6, 8, 9, 14, 16
1, 2, 3, 4, 5, 6, 8, 9, 14, 17
1, 2, 3, 4, 5, 6, 8, 9, 14, 18
1, 2, 3, 4, 5, 6, 8, 9, 14, 19
1, 2, 3, 4, 5, 6, 8, 9, 14, 20
1, 2, 3, 4, 5, 6, 8, 9, 14, 21
1, 2, 3, 4, 5, 6, 8, 9, 15, 16
1, 2, 3, 4, 5, 6, 8, 9, 15, 17
1, 2, 3, 4, 5, 6, 8, 9, 15, 18
1, 2, 3, 4, 5, 6, 8, 9, 15, 19
1, 2, 3, 4, 5, 6, 8, 9, 15, 20
1, 2, 3, 4, 5, 6, 8, 9, 15, 21
1, 2, 3, 4, 5, 6, 8, 9, 15, 22
1, 2, 3, 4, 5, 6, 8, 9, 16, 17
1, 2, 3, 4, 5, 6, 8, 9, 16, 18
1, 2, 3, 4, 5, 6, 8, 9, 16, 19
1, 2, 3, 4, 5, 6, 8, 9, 16, 20
1, 2, 3, 4, 5, 6, 8, 9, 16, 21
1, 2, 3, 4, 5, 6, 8, 9, 16, 22
1, 2, 3, 4, 5, 6, 8, 9, 16, 23
1, 2, 3, 4, 5, 6, 8, 9, 17, 18
1, 2, 3, 4, 5, 6, 8, 9, 17, 19
1, 2, 3, 4, 5, 6, 8, 9, 17, 20
1, 2, 3, 4, 5, 6, 8, 9, 17, 21
1, 2, 3, 4, 5, 6, 8, 9, 17, 22
1, 2, 3, 4, 5, 6, 8, 9, 17, 23
1, 2, 3, 4, 5, 6, 8, 9, 17, 24
1, 2, 3, 4, 5, 6, 8, 9, 18, 19
1, 2, 3, 4, 5, 6, 8, 9, 18, 20
1, 2, 3, 4, 5, 6, 8, 9, 18, 21
1, 2, 3, 4, 5, 6, 8, 9, 18, 22
1, 2, 3, 4, 5, 6, 8, 9, 18, 23
1, 2, 3, 4, 5, 6, 8, 9, 18, 24
1, 2, 3, 4, 5, 6, 8, 9, 18, 25
1, 2, 3, 4, 5, 6, 8, 9, 19, 20
1, 2, 3, 4, 5, 6, 8, 9, 19, 21
1, 2, 3, 4, 5, 6, 8, 9, 19, 22
1, 2, 3, 4, 5, 6, 8, 9, 19, 23
1, 2, 3, 4, 5, 6, 8, 9, 19, 24
1, 2, 3, 4, 5, 6, 8, 9, 19, 25
1, 2, 3, 4, 5, 6, 8, 9, 19, 26
1, 2, 3, 4, 5, 6, 8, 10, 11, 12
1, 2, 3, 4, 5, 6, 8, 10, 11, 13
1, 2, 3, 4, 5, 6, 8, 10, 11, 14
1, 2, 3, 4, 5, 6, 8, 10, 11, 15
1, 2, 3, 4, 5, 6, 8, 10, 11, 16
1, 2, 3, 4, 5, 6, 8, 10, 11, 17
1, 2, 3, 4, 5, 6, 8, 10, 11, 18
1, 2, 3, 4, 5, 6, 8, 10, 11, 19
1, 2, 3, 4, 5, 6, 8, 10, 11, 20
1, 2, 3, 4, 5, 6, 8, 10, 11, 21
1, 2, 3, 4, 5, 6, 8, 10, 11, 22
1, 2, 3, 4, 5, 6, 8, 10, 11, 23
1, 2, 3, 4, 5, 6, 8, 10, 12, 13
1, 2, 3, 4, 5, 6, 8, 10, 12, 14
1, 2, 3, 4, 5, 6, 8, 10, 12, 15
1, 2, 3, 4, 5, 6, 8, 10, 12, 16
1, 2, 3, 4, 5, 6, 8, 10, 12, 17
1, 2, 3, 4, 5, 6, 8, 10, 12, 18
1, 2, 3, 4, 5, 6, 8, 10, 12, 19
1, 2, 3, 4, 5, 6, 8, 10, 13, 14
1, 2, 3, 4, 5, 6, 8, 10, 13, 15
1, 2, 3, 4, 5, 6, 8, 10, 13, 16
1, 2, 3, 4, 5, 6, 8, 10, 13, 17
1, 2, 3, 4, 5, 6, 8, 10, 13, 18
1, 2, 3, 4, 5, 6, 8, 10, 13, 19
1, 2, 3, 4, 5, 6, 8, 10, 13, 20
1, 2, 3, 4, 5, 6, 8, 10, 13, 21
1, 2, 3, 4, 5, 6, 8, 10, 13, 22
1, 2, 3, 4, 5, 6, 8, 10, 14, 15
1, 2, 3, 4, 5, 6, 8, 10, 14, 16
1, 2, 3, 4, 5, 6, 8, 10, 14, 17
1, 2, 3, 4, 5, 6, 8, 10, 14, 18
1, 2, 3, 4, 5, 6, 8, 10, 14, 19
1, 2, 3, 4, 5, 6, 8, 10, 14, 20
1, 2, 3, 4, 5, 6, 8, 10, 14, 21
1, 2, 3, 4, 5, 6, 8, 10, 15, 16
1, 2, 3, 4, 5, 6, 8, 10, 15, 17
1, 2, 3, 4, 5, 6, 8, 10, 15, 18
1, 2, 3, 4, 5, 6, 8, 10, 15, 19
1, 2, 3, 4, 5, 6, 8, 10, 15, 20
1, 2, 3, 4, 5, 6, 8, 10, 15, 21
1, 2, 3, 4, 5, 6, 8, 10, 15, 22
1, 2, 3, 4, 5, 6, 8, 10, 16, 17
1, 2, 3, 4, 5, 6, 8, 10, 16, 18
1, 2, 3, 4, 5, 6, 8, 10, 16, 19
1, 2, 3, 4, 5, 6, 8, 10, 16, 20
1, 2, 3, 4, 5, 6, 8, 10, 16, 21
1, 2, 3, 4, 5, 6, 8, 10, 16, 22
1, 2, 3, 4, 5, 6, 8, 10, 16, 23
1, 2, 3, 4, 5, 6, 8, 10, 17, 18
1, 2, 3, 4, 5, 6, 8, 10, 17, 19
1, 2, 3, 4, 5, 6, 8, 10, 17, 20
1, 2, 3, 4, 5, 6, 8, 10, 17, 21
1, 2, 3, 4, 5, 6, 8, 10, 17, 22
1, 2, 3, 4, 5, 6, 8, 10, 17, 23
1, 2, 3, 4, 5, 6, 8, 10, 17, 24
1, 2, 3, 4, 5, 6, 8, 11, 12, 13
1, 2, 3, 4, 5, 6, 8, 11, 12, 14
1, 2, 3, 4, 5, 6, 8, 11, 12, 15
1, 2, 3, 4, 5, 6, 8, 11, 12, 16
1, 2, 3, 4, 5, 6, 8, 11, 12, 17
1, 2, 3, 4, 5, 6, 8, 11, 12, 18
1, 2, 3, 4, 5, 6, 8, 11, 12, 19
1, 2, 3, 4, 5, 6, 8, 11, 12, 20
1, 2, 3, 4, 5, 6, 8, 11, 12, 21
1, 2, 3, 4, 5, 6, 8, 11, 13, 14
1, 2, 3, 4, 5, 6, 8, 11, 13, 15
1, 2, 3, 4, 5, 6, 8, 11, 13, 16
1, 2, 3, 4, 5, 6, 8, 11, 13, 17
1, 2, 3, 4, 5, 6, 8, 11, 13, 18
1, 2, 3, 4, 5, 6, 8, 11, 13, 19
1, 2, 3, 4, 5, 6, 8, 11, 13, 20
1, 2, 3, 4, 5, 6, 8, 11, 14, 15
1, 2, 3, 4, 5, 6, 8, 11, 14, 16
1, 2, 3, 4, 5, 6, 8, 11, 14, 17
1, 2, 3, 4, 5, 6, 8, 11, 14, 18
1, 2, 3, 4, 5, 6, 8, 11, 14, 19
1, 2, 3, 4, 5, 6, 8, 11, 14, 20
1, 2, 3, 4, 5, 6, 8, 11, 14, 21
1, 2, 3, 4, 5, 6, 8, 11, 15, 16
1, 2, 3, 4, 5, 6, 8, 11, 15, 17
1, 2, 3, 4, 5, 6, 8, 11, 15, 18
1, 2, 3, 4, 5, 6, 8, 11, 15, 19
1, 2, 3, 4, 5, 6, 8, 11, 15, 20
1, 2, 3, 4, 5, 6, 8, 11, 15, 21
1, 2, 3, 4, 5, 6, 8, 11, 15, 22
1, 2, 3, 4, 5, 6, 8, 11, 15, 23
1, 2, 3, 4, 5, 6, 8, 11, 15, 24
1, 2, 3, 4, 5, 6, 8, 11, 16, 17
1, 2, 3, 4, 5, 6, 8, 11, 16, 18
1, 2, 3, 4, 5, 6, 8, 11, 16, 19
1, 2, 3, 4, 5, 6, 8, 11, 16, 20
1, 2, 3, 4, 5, 6, 8, 11, 16, 21
1, 2, 3, 4, 5, 6, 8, 11, 16, 22
1, 2, 3, 4, 5, 6, 8, 11, 16, 23
1, 2, 3, 4, 5, 6, 8, 11, 17, 18
1, 2, 3, 4, 5, 6, 8, 11, 17, 19
1, 2, 3, 4, 5, 6, 8, 11, 17, 20
1, 2, 3, 4, 5, 6, 8, 11, 17, 21
1, 2, 3, 4, 5, 6, 8, 11, 17, 22
1, 2, 3, 4, 5, 6, 8, 11, 17, 23
1, 2, 3, 4, 5, 6, 8, 11, 17, 24
1, 2, 3, 4, 5, 6, 8, 11, 18, 19
1, 2, 3, 4, 5, 6, 8, 11, 18, 20
1, 2, 3, 4, 5, 6, 8, 11, 18, 21
1, 2, 3, 4, 5, 6, 8, 11, 18, 22
1, 2, 3, 4, 5, 6, 8, 11, 18, 23
1, 2, 3, 4, 5, 6, 8, 11, 18, 24
1, 2, 3, 4, 5, 6, 8, 11, 18, 25
1, 2, 3, 4, 5, 6, 8, 12, 13, 14
1, 2, 3, 4, 5, 6, 8, 12, 13, 15
1, 2, 3, 4, 5, 6, 8, 12, 13, 16
1, 2, 3, 4, 5, 6, 8, 12, 13, 17
1, 2, 3, 4, 5, 6, 8, 12, 13, 18
1, 2, 3, 4, 5, 6, 8, 12, 13, 19
1, 2, 3, 4, 5, 6, 8, 12, 13, 20
1, 2, 3, 4, 5, 6, 8, 12, 13, 21
1, 2, 3, 4, 5, 6, 8, 12, 13, 22
1, 2, 3, 4, 5, 6, 8, 12, 14, 15
1, 2, 3, 4, 5, 6, 8, 12, 14, 16
1, 2, 3, 4, 5, 6, 8, 12, 14, 17
1, 2, 3, 4, 5, 6, 8, 12, 14, 18
1, 2, 3, 4, 5, 6, 8, 12, 14, 19
1, 2, 3, 4, 5, 6, 8, 12, 14, 20
1, 2, 3, 4, 5, 6, 8, 12, 14, 21
1, 2, 3, 4, 5, 6, 8, 12, 15, 16
1, 2, 3, 4, 5, 6, 8, 12, 15, 17
1, 2, 3, 4, 5, 6, 8, 12, 15, 18
1, 2, 3, 4, 5, 6, 8, 12, 15, 19
1, 2, 3, 4, 5, 6, 8, 12, 15, 20
1, 2, 3, 4, 5, 6, 8, 12, 15, 21
1, 2, 3, 4, 5, 6, 8, 12, 15, 22
1, 2, 3, 4, 5, 6, 8, 12, 16, 17
1, 2, 3, 4, 5, 6, 8, 12, 16, 18
1, 2, 3, 4, 5, 6, 8, 12, 16, 19
1, 2, 3, 4, 5, 6, 8, 12, 16, 20
1, 2, 3, 4, 5, 6, 8, 12, 16, 21
1, 2, 3, 4, 5, 6, 8, 12, 16, 22
1, 2, 3, 4, 5, 6, 8, 12, 16, 23
1, 2, 3, 4, 5, 6, 8, 12, 17, 18
1, 2, 3, 4, 5, 6, 8, 12, 17, 19
1, 2, 3, 4, 5, 6, 8, 12, 17, 20
1, 2, 3, 4, 5, 6, 8, 12, 17, 21
1, 2, 3, 4, 5, 6, 8, 12, 17, 22
1, 2, 3, 4, 5, 6, 8, 12, 17, 23
1, 2, 3, 4, 5, 6, 8, 12, 17, 24
1, 2, 3, 4, 5, 6, 8, 12, 17, 25
1, 2, 3, 4, 5, 6, 8, 12, 17, 26
1, 2, 3, 4, 5, 6, 8, 12, 18, 19
1, 2, 3, 4, 5, 6, 8, 12, 18, 20
1, 2, 3, 4, 5, 6, 8, 12, 18, 21
1, 2, 3, 4, 5, 6, 8, 12, 18, 22
1, 2, 3, 4, 5, 6, 8, 12, 18, 23
1, 2, 3, 4, 5, 6, 8, 12, 18, 24
1, 2, 3, 4, 5, 6, 8, 12, 18, 25
1, 2, 3, 4, 5, 6, 8, 12, 19, 20
1, 2, 3, 4, 5, 6, 8, 12, 19, 21
1, 2, 3, 4, 5, 6, 8, 12, 19, 22
1, 2, 3, 4, 5, 6, 8, 12, 19, 23
1, 2, 3, 4, 5, 6, 8, 12, 19, 24
1, 2, 3, 4, 5, 6, 8, 12, 19, 25
1, 2, 3, 4, 5, 6, 8, 12, 19, 26
1, 2, 3, 4, 5, 6, 8, 13, 14, 15
1, 2, 3, 4, 5, 6, 8, 13, 14, 16
1, 2, 3, 4, 5, 6, 8, 13, 14, 17
1, 2, 3, 4, 5, 6, 8, 13, 14, 18
1, 2, 3, 4, 5, 6, 8, 13, 14, 19
1, 2, 3, 4, 5, 6, 8, 13, 14, 20
1, 2, 3, 4, 5, 6, 8, 13, 14, 21
1, 2, 3, 4, 5, 6, 8, 13, 14, 22
1, 2, 3, 4, 5, 6, 8, 13, 14, 23
1, 2, 3, 4, 5, 6, 8, 13, 15, 16
1, 2, 3, 4, 5, 6, 8, 13, 15, 17
1, 2, 3, 4, 5, 6, 8, 13, 15, 18
1, 2, 3, 4, 5, 6, 8, 13, 15, 19
1, 2, 3, 4, 5, 6, 8, 13, 15, 20
1, 2, 3, 4, 5, 6, 8, 13, 15, 21
1, 2, 3, 4, 5, 6, 8, 13, 15, 22
1, 2, 3, 4, 5, 6, 8, 13, 16, 17
1, 2, 3, 4, 5, 6, 8, 13, 16, 18
1, 2, 3, 4, 5, 6, 8, 13, 16, 19
1, 2, 3, 4, 5, 6, 8, 13, 16, 20
1, 2, 3, 4, 5, 6, 8, 13, 16, 21
1, 2, 3, 4, 5, 6, 8, 13, 16, 22
1, 2, 3, 4, 5, 6, 8, 13, 16, 23
1, 2, 3, 4, 5, 6, 8, 13, 17, 18
1, 2, 3, 4, 5, 6, 8, 13, 17, 19
1, 2, 3, 4, 5, 6, 8, 13, 17, 20
1, 2, 3, 4, 5, 6, 8, 13, 17, 21
1, 2, 3, 4, 5, 6, 8, 13, 17, 22
1, 2, 3, 4, 5, 6, 8, 13, 17, 23
1, 2, 3, 4, 5, 6, 8, 13, 17, 24
1, 2, 3, 4, 5, 6, 8, 13, 18, 19
1, 2, 3, 4, 5, 6, 8, 13, 18, 20
1, 2, 3, 4, 5, 6, 8, 13, 18, 21
1, 2, 3, 4, 5, 6, 8, 13, 18, 22
1, 2, 3, 4, 5, 6, 8, 13, 18, 23
1, 2, 3, 4, 5, 6, 8, 13, 18, 24
1, 2, 3, 4, 5, 6, 8, 13, 18, 25
1, 2, 3, 4, 5, 6, 8, 13, 19, 20
1, 2, 3, 4, 5, 6, 8, 13, 19, 21
1, 2, 3, 4, 5, 6, 8, 13, 19, 22
1, 2, 3, 4, 5, 6, 8, 13, 19, 23
1, 2, 3, 4, 5, 6, 8, 13, 19, 24
1, 2, 3, 4, 5, 6, 8, 13, 19, 25
1, 2, 3, 4, 5, 6, 8, 13, 19, 26
1, 2, 3, 4, 5, 6, 8, 13, 19, 27
1, 2, 3, 4, 5, 6, 8, 13, 19, 28
1, 2, 3, 4, 5, 6, 8, 13, 20, 21
1, 2, 3, 4, 5, 6, 8, 13, 20, 22
1, 2, 3, 4, 5, 6, 8, 13, 20, 23
1, 2, 3, 4, 5, 6, 8, 13, 20, 24
1, 2, 3, 4, 5, 6, 8, 13, 20, 25
1, 2, 3, 4, 5, 6, 8, 13, 20, 26
1, 2, 3, 4, 5, 6, 8, 13, 20, 27
1, 2, 3, 4, 5, 6, 8, 14, 15, 16
1, 2, 3, 4, 5, 6, 8, 14, 15, 17
1, 2, 3, 4, 5, 6, 8, 14, 15, 18
1, 2, 3, 4, 5, 6, 8, 14, 15, 19
1, 2, 3, 4, 5, 6, 8, 14, 15, 20
1, 2, 3, 4, 5, 6, 8, 14, 15, 21
1, 2, 3, 4, 5, 6, 8, 14, 15, 22
1, 2, 3, 4, 5, 6, 8, 14, 15, 23
1, 2, 3, 4, 5, 6, 8, 14, 15, 24
1, 2, 3, 4, 5, 6, 8, 14, 16, 17
1, 2, 3, 4, 5, 6, 8, 14, 16, 18
1, 2, 3, 4, 5, 6, 8, 14, 16, 19
1, 2, 3, 4, 5, 6, 8, 14, 16, 20
1, 2, 3, 4, 5, 6, 8, 14, 16, 21
1, 2, 3, 4, 5, 6, 8, 14, 16, 22
1, 2, 3, 4, 5, 6, 8, 14, 16, 23
1, 2, 3, 4, 5, 6, 8, 14, 17, 18
1, 2, 3, 4, 5, 6, 8, 14, 17, 19
1, 2, 3, 4, 5, 6, 8, 14, 17, 20
1, 2, 3, 4, 5, 6, 8, 14, 17, 21
1, 2, 3, 4, 5, 6, 8, 14, 17, 22
1, 2, 3, 4, 5, 6, 8, 14, 17, 23
1, 2, 3, 4, 5, 6, 8, 14, 17, 24
1, 2, 3, 4, 5, 6, 8, 14, 18, 19
1, 2, 3, 4, 5, 6, 8, 14, 18, 20
1, 2, 3, 4, 5, 6, 8, 14, 18, 21
1, 2, 3, 4, 5, 6, 8, 14, 18, 22
1, 2, 3, 4, 5, 6, 8, 14, 18, 23
1, 2, 3, 4, 5, 6, 8, 14, 18, 24
1, 2, 3, 4, 5, 6, 8, 14, 18, 25
1, 2, 3, 4, 5, 6, 8, 14, 19, 20
1, 2, 3, 4, 5, 6, 8, 14, 19, 21
1, 2, 3, 4, 5, 6, 8, 14, 19, 22
1, 2, 3, 4, 5, 6, 8, 14, 19, 23
1, 2, 3, 4, 5, 6, 8, 14, 19, 24
1, 2, 3, 4, 5, 6, 8, 14, 19, 25
1, 2, 3, 4, 5, 6, 8, 14, 19, 26
1, 2, 3, 4, 5, 6, 8, 14, 20, 21
1, 2, 3, 4, 5, 6, 8, 14, 20, 22
1, 2, 3, 4, 5, 6, 8, 14, 20, 23
1, 2, 3, 4, 5, 6, 8, 14, 20, 24
1, 2, 3, 4, 5, 6, 8, 14, 20, 25
1, 2, 3, 4, 5, 6, 8, 14, 20, 26
1, 2, 3, 4, 5, 6, 8, 14, 20, 27
1, 2, 3, 4, 5, 6, 8, 14, 21, 22
1, 2, 3, 4, 5, 6, 8, 14, 21, 23
1, 2, 3, 4, 5, 6, 8, 14, 21, 24
1, 2, 3, 4, 5, 6, 8, 14, 21, 25
1, 2, 3, 4, 5, 6, 8, 14, 21, 26
1, 2, 3, 4, 5, 6, 8, 14, 21, 27
1, 2, 3, 4, 5, 6, 8, 14, 21, 28
1, 2, 3, 4, 5, 6, 8, 14, 21, 29
1, 2, 3, 4, 5, 6, 8, 14, 21, 30
1, 2, 3, 4, 5, 6, 8, 15, 16, 17
1, 2, 3, 4, 5, 6, 8, 15, 16, 18
1, 2, 3, 4, 5, 6, 8, 15, 16, 19
1, 2, 3, 4, 5, 6, 8, 15, 16, 20
1, 2, 3, 4, 5, 6, 8, 15, 16, 21
1, 2, 3, 4, 5, 6, 8, 15, 16, 22
1, 2, 3, 4, 5, 6, 8, 15, 16, 23
1, 2, 3, 4, 5, 6, 8, 15, 16, 24
1, 2, 3, 4, 5, 6, 8, 15, 16, 25
1, 2, 3, 4, 5, 6, 8, 15, 17, 18
1, 2, 3, 4, 5, 6, 8, 15, 17, 19
1, 2, 3, 4, 5, 6, 8, 15, 17, 20
1, 2, 3, 4, 5, 6, 8, 15, 17, 21
1, 2, 3, 4, 5, 6, 8, 15, 17, 22
1, 2, 3, 4, 5, 6, 8, 15, 17, 23
1, 2, 3, 4, 5, 6, 8, 15, 17, 24
1, 2, 3, 4, 5, 6, 8, 15, 18, 19
1, 2, 3, 4, 5, 6, 8, 15, 18, 20
1, 2, 3, 4, 5, 6, 8, 15, 18, 21
1, 2, 3, 4, 5, 6, 8, 15, 18, 22
1, 2, 3, 4, 5, 6, 8, 15, 18, 23
1, 2, 3, 4, 5, 6, 8, 15, 18, 24
1, 2, 3, 4, 5, 6, 8, 15, 18, 25
1, 2, 3, 4, 5, 6, 8, 15, 19, 20
1, 2, 3, 4, 5, 6, 8, 15, 19, 21
1, 2, 3, 4, 5, 6, 8, 15, 19, 22
1, 2, 3, 4, 5, 6, 8, 15, 19, 23
1, 2, 3, 4, 5, 6, 8, 15, 19, 24
1, 2, 3, 4, 5, 6, 8, 15, 19, 25
1, 2, 3, 4, 5, 6, 8, 15, 19, 26
1, 2, 3, 4, 5, 6, 8, 15, 20, 21
1, 2, 3, 4, 5, 6, 8, 15, 20, 22
1, 2, 3, 4, 5, 6, 8, 15, 20, 23
1, 2, 3, 4, 5, 6, 8, 15, 20, 24
1, 2, 3, 4, 5, 6, 8, 15, 20, 25
1, 2, 3, 4, 5, 6, 8, 15, 20, 26
1, 2, 3, 4, 5, 6, 8, 15, 20, 27
1, 2, 3, 4, 5, 6, 8, 15, 21, 22
1, 2, 3, 4, 5, 6, 8, 15, 21, 23
1, 2, 3, 4, 5, 6, 8, 15, 21, 24
1, 2, 3, 4, 5, 6, 8, 15, 21, 25
1, 2, 3, 4, 5, 6, 8, 15, 21, 26
1, 2, 3, 4, 5, 6, 8, 15, 21, 27
1, 2, 3, 4, 5, 6, 8, 15, 21, 28
1, 2, 3, 4, 5, 6, 8, 15, 22, 23
1, 2, 3, 4, 5, 6, 8, 15, 22, 24
1, 2, 3, 4, 5, 6, 8, 15, 22, 25
1, 2, 3, 4, 5, 6, 8, 15, 22, 26
1, 2, 3, 4, 5, 6, 8, 15, 22, 27
1, 2, 3, 4, 5, 6, 8, 15, 22, 28
1, 2, 3, 4, 5, 6, 8, 15, 22, 29
1, 2, 3, 4, 5, 6, 9, 10, 11, 12
1, 2, 3, 4, 5, 6, 9, 10, 11, 13
1, 2, 3, 4, 5, 6, 9, 10, 11, 14
1, 2, 3, 4, 5, 6, 9, 10, 11, 15
1, 2, 3, 4, 5, 6, 9, 10, 11, 16
1, 2, 3, 4, 5, 6, 9, 10, 11, 17
1, 2, 3, 4, 5, 6, 9, 10, 11, 18
1, 2, 3, 4, 5, 6, 9, 10, 11, 19
1, 2, 3, 4, 5, 6, 9, 10, 11, 20
1, 2, 3, 4, 5, 6, 9, 10, 11, 21
1, 2, 3, 4, 5, 6, 9, 10, 11, 22
1, 2, 3, 4, 5, 6, 9, 10, 11, 23
1, 2, 3, 4, 5, 6, 9, 10, 12, 13
1, 2, 3, 4, 5, 6, 9, 10, 12, 14
1, 2, 3, 4, 5, 6, 9, 10, 12, 15
1, 2, 3, 4, 5, 6, 9, 10, 12, 16
1, 2, 3, 4, 5, 6, 9, 10, 12, 17
1, 2, 3, 4, 5, 6, 9, 10, 12, 18
1, 2, 3, 4, 5, 6, 9, 10, 12, 19
1, 2, 3, 4, 5, 6, 9, 10, 12, 20
1, 2, 3, 4, 5, 6, 9, 10, 12, 21
1, 2, 3, 4, 5, 6, 9, 10, 12, 22
1, 2, 3, 4, 5, 6, 9, 10, 12, 23
1, 2, 3, 4, 5, 6, 9, 10, 13, 14
1, 2, 3, 4, 5, 6, 9, 10, 13, 15
1, 2, 3, 4, 5, 6, 9, 10, 13, 16
1, 2, 3, 4, 5, 6, 9, 10, 13, 17
1, 2, 3, 4, 5, 6, 9, 10, 13, 18
1, 2, 3, 4, 5, 6, 9, 10, 13, 19
1, 2, 3, 4, 5, 6, 9, 10, 13, 20
1, 2, 3, 4, 5, 6, 9, 10, 13, 21
1, 2, 3, 4, 5, 6, 9, 10, 14, 15
1, 2, 3, 4, 5, 6, 9, 10, 14, 16
1, 2, 3, 4, 5, 6, 9, 10, 14, 17
1, 2, 3, 4, 5, 6, 9, 10, 14, 18
1, 2, 3, 4, 5, 6, 9, 10, 14, 19
1, 2, 3, 4, 5, 6, 9, 10, 14, 20
1, 2, 3, 4, 5, 6, 9, 10, 14, 21
1, 2, 3, 4, 5, 6, 9, 10, 15, 16
1, 2, 3, 4, 5, 6, 9, 10, 15, 17
1, 2, 3, 4, 5, 6, 9, 10, 15, 18
1, 2, 3, 4, 5, 6, 9, 10, 15, 19
1, 2, 3, 4, 5, 6, 9, 10, 15, 20
1, 2, 3, 4, 5, 6, 9, 10, 15, 21
1, 2, 3, 4, 5, 6, 9, 10, 15, 22
1, 2, 3, 4, 5, 6, 9, 10, 16, 17
1, 2, 3, 4, 5, 6, 9, 10, 16, 18
1, 2, 3, 4, 5, 6, 9, 10, 16, 19
1, 2, 3, 4, 5, 6, 9, 10, 16, 20
1, 2, 3, 4, 5, 6, 9, 10, 16, 21
1, 2, 3, 4, 5, 6, 9, 10, 16, 22
1, 2, 3, 4, 5, 6, 9, 10, 16, 23
1, 2, 3, 4, 5, 6, 9, 10, 17, 18
1, 2, 3, 4, 5, 6, 9, 10, 17, 19
1, 2, 3, 4, 5, 6, 9, 10, 17, 20
1, 2, 3, 4, 5, 6, 9, 10, 17, 21
1, 2, 3, 4, 5, 6, 9, 10, 17, 22
1, 2, 3, 4, 5, 6, 9, 10, 17, 23
1, 2, 3, 4, 5, 6, 9, 10, 17, 24
1, 2, 3, 4, 5, 6, 9, 11, 12, 13
1, 2, 3, 4, 5, 6, 9, 11, 12, 14
1, 2, 3, 4, 5, 6, 9, 11, 12, 15
1, 2, 3, 4, 5, 6, 9, 11, 12, 16
1, 2, 3, 4, 5, 6, 9, 11, 12, 17
1, 2, 3, 4, 5, 6, 9, 11, 12, 18
1, 2, 3, 4, 5, 6, 9, 11, 12, 19
1, 2, 3, 4, 5, 6, 9, 11, 13, 14
1, 2, 3, 4, 5, 6, 9, 11, 13, 15
1, 2, 3, 4, 5, 6, 9, 11, 13, 16
1, 2, 3, 4, 5, 6, 9, 11, 13, 17
1, 2, 3, 4, 5, 6, 9, 11, 13, 18
1, 2, 3, 4, 5, 6, 9, 11, 13, 19
1, 2, 3, 4, 5, 6, 9, 11, 13, 20
1, 2, 3, 4, 5, 6, 9, 11, 13, 21
1, 2, 3, 4, 5, 6, 9, 11, 14, 15
1, 2, 3, 4, 5, 6, 9, 11, 14, 16
1, 2, 3, 4, 5, 6, 9, 11, 14, 17
1, 2, 3, 4, 5, 6, 9, 11, 14, 18
1, 2, 3, 4, 5, 6, 9, 11, 14, 19
1, 2, 3, 4, 5, 6, 9, 11, 14, 20
1, 2, 3, 4, 5, 6, 9, 11, 14, 21
1, 2, 3, 4, 5, 6, 9, 11, 15, 16
1, 2, 3, 4, 5, 6, 9, 11, 15, 17
1, 2, 3, 4, 5, 6, 9, 11, 15, 18
1, 2, 3, 4, 5, 6, 9, 11, 15, 19
1, 2, 3, 4, 5, 6, 9, 11, 15, 20
1, 2, 3, 4, 5, 6, 9, 11, 15, 21
1, 2, 3, 4, 5, 6, 9, 11, 15, 22
1, 2, 3, 4, 5, 6, 9, 11, 15, 23
1, 2, 3, 4, 5, 6, 9, 11, 16, 17
1, 2, 3, 4, 5, 6, 9, 11, 16, 18
1, 2, 3, 4, 5, 6, 9, 11, 16, 19
1, 2, 3, 4, 5, 6, 9, 11, 16, 20
1, 2, 3, 4, 5, 6, 9, 11, 16, 21
1, 2, 3, 4, 5, 6, 9, 11, 16, 22
1, 2, 3, 4, 5, 6, 9, 11, 16, 23
1, 2, 3, 4, 5, 6, 9, 11, 17, 18
1, 2, 3, 4, 5, 6, 9, 11, 17, 19
1, 2, 3, 4, 5, 6, 9, 11, 17, 20
1, 2, 3, 4, 5, 6, 9, 11, 17, 21
1, 2, 3, 4, 5, 6, 9, 11, 17, 22
1, 2, 3, 4, 5, 6, 9, 11, 17, 23
1, 2, 3, 4, 5, 6, 9, 11, 17, 24
1, 2, 3, 4, 5, 6, 9, 11, 18, 19
1, 2, 3, 4, 5, 6, 9, 11, 18, 20
1, 2, 3, 4, 5, 6, 9, 11, 18, 21
1, 2, 3, 4, 5, 6, 9, 11, 18, 22
1, 2, 3, 4, 5, 6, 9, 11, 18, 23
1, 2, 3, 4, 5, 6, 9, 11, 18, 24
